[gd_scene load_steps=4 format=3 uid="uid://d3q3s14fe7ha6"]

[sub_resource type="CylinderShape3D" id="CylinderShape3D_oc5dj"]
height = 0.001
radius = 18.0

[sub_resource type="StandardMaterial3D" id="StandardMaterial3D_l2fwm"]

[sub_resource type="CylinderMesh" id="CylinderMesh_ge06a"]
top_radius = 1.0
bottom_radius = 1.0
height = 0.2

[node name="PreviewStage" type="Node3D"]

[node name="StaticBody3D" type="StaticBody3D" parent="."]
transform = Transform3D(1, 0, 0, 0, 1, 0, 0, 0, 1, 0, 7, 0)

[node name="CollisionShape3D" type="CollisionShape3D" parent="StaticBody3D"]
transform = Transform3D(1, 0, 0, 0, 1, 0, 0, 0, 1, 0, -6.9995, 0)
shape = SubResource("CylinderShape3D_oc5dj")
debug_color = Color(0.0696862, 0.5492804, 0.92280966, 0.41960785)

[node name="Floor" type="MeshInstance3D" parent="."]
transform = Transform3D(1, 0, 0, 0, 1, 0, 0, 0, 1, 0, 0.036955, 0.113105655)
visible = false
material_override = SubResource("StandardMaterial3D_l2fwm")
mesh = SubResource("CylinderMesh_ge06a")

[node name="SpotLight3D" type="SpotLight3D" parent="."]
transform = Transform3D(0.7350093, -2.9638812e-08, 0.678057, -0.678057, -3.2128277e-08, 0.7350093, 0, -1, -4.371139e-08, 10.43286, 14, 0)
light_energy = 5.0

[node name="SpotLight3D2" type="SpotLight3D" parent="."]
transform = Transform3D(-0.94146484, 0.22637123, -0.24980019, -0.21466328, -0.9739161, -0.073533185, -0.25993025, -0.015605951, 0.9655014, 16.4274, 6.855096, 3.8652182)
visible = false
light_energy = 3.0

[node name="SpotLight3D3" type="SpotLight3D" parent="."]
transform = Transform3D(0.41820905, 0.029049724, 0.90788627, -0.8240265, 0.43268707, 0.36573532, -0.38220617, -0.9010761, 0.20489126, 15.332012, 10.757101, 6.480135)
light_energy = 5.0
